-88 56 4136
-88 53 4136
-86 56 4137
-92 54 4133
-89 59 4138
-88 53 4137
-88 55 4136
-91 58 4135
-91 57 4133
-88 50 4134
-92 59 4133
-87 55 4132
-86 53 4130
-85 58 4130
-90 55 4133
-91 53 4134
-90 58 4132
-88 56 4134
-87 53 4132
-86 57 4135
-88 52 4136
-90 53 4139
-87 56 4137
-85 53 4137
-87 55 4134
-87 56 4134
-89 55 4132
-89 52 4133
-91 55 4132
-89 52 4132
-89 58 4133
-87 54 4135
-91 57 4132
-91 55 4133
-90 53 4130
-87 56 4134
-87 60 4131
-88 53 4132
-86 59 4132
-90 55 4134
-89 56 4133
-91 55 4131
-89 54 4133
-91 56 4128
-87 57 4139
-91 55 4132
-91 53 4134
-88 54 4137
-90 55 4133
-86 57 4135
-4136 27 -75
-4133 31 -73
-4133 26 -75
-4131 23 -75
-4133 25 -72
-4134 24 -80
-4132 33 -79
-4130 30 -75
-4131 28 -72
-4135 25 -78
-4132 25 -78
-4129 30 -76
-4137 27 -75
-4134 26 -74
-4134 28 -74
-4132 32 -74
-4134 28 -73
-4132 27 -78
-4132 29 -78
-4136 25 -72
-4133 25 -75
-4132 31 -76
-4131 22 -77
-4129 25 -74
-4135 27 -71
-4131 28 -72
-4133 26 -73
-4131 28 -77
-4130 28 -73
-4129 27 -74
-4131 23 -76
-4128 28 -75
-4134 25 -78
-4135 25 -81
-4131 26 -78
-4135 29 -79
-4134 28 -76
-4131 26 -76
-4134 26 -75
-4132 24 -77
-4136 25 -75
-4135 29 -76
-4132 26 -78
-4130 28 -81
-4133 24 -77
-4135 29 -75
-4134 23 -74
-4132 20 -74
-4129 28 -74
-4131 31 -76
4062 -93 5
4061 -92 4
4063 -93 8
4060 -90 9
4064 -96 8
4062 -97 11
4064 -96 8
4063 -96 8
4061 -96 6
4061 -95 6
4055 -96 8
4064 -92 4
4058 -94 8
4059 -93 11
4061 -93 5
4063 -93 7
4066 -94 6
4060 -97 6
4060 -95 5
4061 -97 4
4062 -91 6
4058 -90 7
4064 -97 7
4059 -92 5
4061 -94 10
4064 -94 9
4062 -96 7
4061 -94 4
4060 -97 5
4059 -95 4
4061 -97 6
4055 -91 6
4057 -95 8
4059 -97 10
4061 -97 9
4063 -95 6
4062 -99 4
4062 -95 10
4061 -96 7
4058 -94 5
4059 -95 9
4058 -91 10
4059 -96 8
4063 -98 7
4060 -98 3
4063 -98 10
4060 -99 6
4060 -93 5
4061 -97 5
4057 -97 9
279 -37 -4034
278 -38 -4033
279 -36 -4037
278 -38 -4034
277 -39 -4034
283 -37 -4034
277 -38 -4034
281 -34 -4031
278 -38 -4032
279 -37 -4038
278 -36 -4034
281 -39 -4032
281 -35 -4037
279 -35 -4034
275 -40 -4032
278 -35 -4036
280 -35 -4034
280 -34 -4033
281 -38 -4033
280 -40 -4034
278 -37 -4038
277 -37 -4037
275 -35 -4036
277 -32 -4030
277 -41 -4034
280 -40 -4034
275 -36 -4031
278 -36 -4033
280 -35 -4030
283 -39 -4036
278 -34 -4036
277 -41 -4034
279 -40 -4040
280 -35 -4033
276 -37 -4030
279 -37 -4033
278 -40 -4033
277 -40 -4039
280 -42 -4035
279 -35 -4037
288 -42 -4040
273 -30 -4031
276 -36 -4038
278 -31 -4039
270 -34 -4038
272 -41 -4033
270 -35 -4036
272 -32 -4034
278 -31 -4038
277 -36 -4037
-76 -4008 9
-75 -4010 13
-79 -4011 8
-72 -4006 7
-77 -4008 10
-78 -4005 12
-75 -4011 13
-79 -4011 4
-78 -4005 8
-78 -4013 10
-73 -4007 10
-75 -4011 13
-81 -4011 11
-78 -4007 9
-72 -4008 13
-76 -4010 11
-74 -4013 9
-77 -4009 12
-76 -4009 11
-80 -4007 12
-75 -4008 8
-74 -4006 14
-78 -4004 12
-74 -4009 10
-79 -4007 11
-80 -4009 5
-76 -4005 9
-72 -4009 10
-79 -4007 12
-76 -4009 10
-76 -4014 7
-77 -4010 7
-73 -4013 11
-76 -4009 10
-76 -4014 12
-73 -4014 9
-78 -4008 15
-75 -4009 9
-81 -4010 8
-76 -4011 9
-76 -4011 5
-77 -4006 10
-79 -4006 7
-79 -4008 12
-75 -4013 7
-78 -4009 5
-78 -4012 9
-79 -4008 8
-80 -4011 8
-80 -4010 9
-55 4183 173
-56 4187 170
-54 4190 177
-57 4191 177
-55 4185 175
-51 4189 173
-54 4186 174
-52 4188 177
-52 4190 173
-56 4192 176
-53 4185 169
-54 4187 172
-60 4187 178
-57 4185 172
-57 4186 171
-55 4183 178
-56 4182 177
-56 4186 173
-56 4185 178
-57 4185 174
-53 4187 172
-56 4183 172
-56 4189 176
-57 4188 175
-57 4184 172
-54 4191 178
-57 4192 176
-52 4185 175
-52 4187 175
-53 4188 178
-54 4186 175
-58 4185 174
-55 4185 175
-61 4183 177
-55 4187 179
-56 4189 175
-57 4182 172
-58 4189 177
-60 4185 176
-53 4190 174
-56 4187 174
-59 4184 178
-56 4190 175
-54 4188 174
-60 4186 174
-60 4190 177
-55 4186 175
-56 4184 174
-57 4188 173
-62 4183 178